(76173805501177359573786250867826865667623985658852407459502964711159068527937, 7132216118997241161329301114592304948838945360663660382939528954550389872641)
(18259599554523339924354916972836021973679987578903457584295302821262289008661, 13661945238357131965278901963492331507615754140652995774563485162413720908476)
(111867993836344685305354979271598599689038955287840401482941111566624201218690, 14868508557585259965173960261910313536021350887737172794878520514028357921848)
(25520424228118442633426803063340671008726381199333700311076279513540075930511, 59412252597669248481748421933639240160727107991257739857312674717617187933276)
(109312337153290902152325366120215179831150844421719160889039226243454610500804, 61953012052453834464184633353451595079137407148104548764093883414752340440623)
(49834177873175086538554122785651747601414009925610205465355309214692341303036, 21931613714345197126093982439060948713682268903447270984806238070314445411910)
(46069862077394656182838358951102531117651297713931904588423242067953011371852, 321568563823051206822193421237271047113722177520857783571017987729033106671)
(5862401748390887936549102477710924285206916794647976340837396234164803132415, 2295355531498772304959506693145738002154654320514696352686094617657016637958)
(18275227147836622499204609359879760512352374793876023167905151131317452620835, 20423682285165220149576449210053319981583525391656409568857885128752205900668)
(38265894422551672585538638213944909970183942182184960420389195813575281279047, 76780386130149271780200012015755454918176308183506430272557453113443534955269)
(16640875100179870724061305550205597130235440664345105226523502556240323996301, 21400800143682935516085009665518120005214678451613027596169480711723808498462)
(15791904427407969457829693487854900277372793792427607506796714872221422364074, 80602293244928932847068942154728349038718552668940374314472748906254561015280)
(69476229325002812857253913084793910080584984101541594865005382851359765673837, 664803459122473418150454058069428695502109597606425554850117158065306228072)
(67783841493468895431930008094148390558031264761855976762130539702474137044969, 103987617859850362573646653794207652490263859876199516979784488710056753056214)
(88868390756618272075222317303991022287748188767969112544575266575996328817115, 80419515989319231589534482900448001941725061309494626046415734521591333179730)
(72437793117445221003310450735311671875974483504454200265385166399776129927836, 82983756119428667829336614534730622471742622550332534685240869706570061474207)
(20283153464087034261187186510447103290819109100936894615968117364299424528270, 113331071292301751919988916828658143143236999417281003766608777998269017413130)
(19188068272125346203771068203136929842711248916508062841822019349509032960752, 81693057377091398357653972581227794044696253175714716014338180628418581598406)
(45348061245302259043145275613537043760915066469332918257842627542465150799738, 16679582638086544714959604556370079789204347740143370410890509669327574225160)
(34471712829043383942901876339750808396420214733886321669014415428197740648257, 3676584506346753036505536295251285508680345011674937065903923169468533237013)
(32038615213601909738988684828496859884827514911397000317912561937968589564276, 214776750974791192909586352796767252441290698341887031682712887793752290554)
(46886245361072254741380945622364844861752660541007522047311464170089094737761, 38397035851732367910248064853948835642310284442016058877991613704504594794617)
(92796509164185660208183013268147407632665701907704351206891292840309386686955, 72575478984190081759421974616089060158864652110874452201221025515557494939425)
(107708307852088398917310637458780900979044339565511242061341799534987385152021, 86581257753431736061277708713003079111367211238814522849689130520032447768116)
(37755501821705493899148733113545644907298112963613422055738860324916117067839, 80136483702374171107319683478868469943758284972835154881932538017865780316230)
(36755111865310807728097279956665507098485926303491197165928523552399696741310, 103416096083990773470599491457750171564009842142894399286090825388600200577423)
(62429769171250432565337970275928595897649862371613583105938656509790132798733, 47817940939231426265501238104809030793205147207062473397395380877417030245131)
(40432315600434179027976406930526009192798722441923883688433087729669235655904, 16619707109296026749362255715407963014939927102346276772094819369934542462936)
(32770673101468573334745826861404664798389315063538645806837393651909551536536, 100401781428278697585391151558125732567401693365612240823401685453468170478900)
(39839428061975701969713438995107260541398536023063144825665801479635230377333, 41558268187794203967580506585717811783884660475402664948173436421220558479144)
(29624366642549599967122261681142880798569189712725170900312037283370629635196, 30363495017214074940201388559237247852769705457211026445985904742143582133129)
(114679539158297417894748218509512742432909565995945900037400950871875444535842, 92714949347339299767235110519416446027169631917587951279299036804516341667856)
(2329971907905478800326651954302945282930262145339147170676066072017817347252, 32684641986411479312550457277619874489598581586890494361458537978409864064552)
(65377215854149495892530264494977722795440241412636322742625019531356240801609, 114766255624991710136950530511254346836717104427356310724603089667559363114286)
(80869283633790344996290310557845213635746506670495284021465148207830026226260, 24123246878630744157215280216742595036789975236434259051189847258702817357728)
(34184370886922033374515627200318579377956745586794466213171497332961029221070, 41580091010627970219721874074052462315723609200551877628345598109643626578870)
(15773941326914210874985274698891867065248693824868334843574764231988288974957, 68980538320779185958958068434503300527486377237762853547438156367521546117631)
(102591623672241462457942680527362085721202218889503195449391205702675656560289, 100543345722192334101587765258710016039824731094340516436990172906828537712903)
(70779528793799182923957642944150146531643531701967930809387126892206761384699, 13746724481828623588938847104886615850750613118007107675332921950992556176216)
(59302718624182530127436617516954149448475088865305428678132809648894441019916, 88549697608601633252494307664323824805070194956899568871840692819551537052929)
(91897905887725247289701334011116293483354911383322561659331569241581503611219, 4910863809058995865543671435316499549040906017489510856680511805979346339995)
(43087267289874348781357294373707212542984186791841902263600304249053137204372, 38471500808215646377043027234704998780970472440551400712423890093470717827431)
(75170119056341155888460788074525062321141558660921807791219720383285160602467, 43245574203068466374324498730930258847824964665608222316185238653592999077937)
(97519619432682059103580855321445069617233519398383460684277744901604857752505, 18206751288004379677505014956200652303319817191647457651693609950534040472329)
(34664007318726423893919069106241523806892146341886731470608510742962677134961, 106378496820303575876058549472862461550185854131541240135417874711634578177818)
(32586978507452874063642364048766055880186526730381535462458265827085271527240, 113791425815122118729695522116283704655534085484597793521751007714121780749149)
(114348445678504717217546510861123209136538698975664254100160334190963033921866, 64709241331679537316394416277220528145101155967950097198291946492285422133903)
(22869029755741039875854375644183818308945261340702744944645980783088176627603, 38886445477861555198259541592613644662608056592567064997188975239236036639793)
(22765329517251504994547613287090013685536983197418217362662871341472163233709, 46307575066499039921054184654690904420743980432822415027698512446797179994304)
(24809758517265550316026713475082101337380636811787323340821820876443671206477, 105350584173904714597945844875287871704127112875020531490602388287653245353177)
(3679726937273217480153978517563832882494734519855185148508984515839538705478, 102520273502250936991545619015852898835777837000983495202229620419623545696127)
(80936188967147522360860162079341860431450871064074245429739108172316447056728, 113634009282668232887874956237915458881057475204547052294171104680090483065338)
(53090034186907114140086369485992993172528156438934139000625339245859526983030, 61623489550085867507296755077345388729974661878973257889031230307793442036486)
(112844433373826102007687787137701994253802603965838930290282214960217672041261, 84753053738848355898439100782857142840867891234612182065681395670268913248641)
(42226372419530092955210798771492078475061625966765269299919191095442798929222, 12615687081082540143469369589065661482252407168605384319953710736588835255455)
(48034087306492366864172409167078568286432948382897801954434920545172845037074, 92490775831875059245089722164217808684470521408807561358584510102329093755394)
(16618175121271914132074629168712047688202959596606890215406128210702882682707, 42974597671429991098253471114012265687326741976458979611962187186328345596471)
(96674590810162370823785731176255930068581506260955420124275772133239311191781, 16427961480711219752887126744933265241213892915285060229523666886906050587403)
(96732483847618001737908455474222296136157366531053608250329416521287140889867, 63598474033749815607291915406476573799944521429012548027391549011454446464928)
(75151567806406350898706233115851392419408096529261110927661385066873630289649, 32977287118008817607992449016339408505413198798663778669712665558842659125986)
(102571937142233090349049676929495415068948718300627096325768005562794844340066, 85671014989413451796420074458240087802018803976698593724270254151022168510273)
(24324696385005587566636085720128995126281399706305172623143291484449436099911, 34544202109888688246652186044913548462419618135769327940020237093146309165597)
(5445192476171635301466918411319052163987636862969178073654777974106777264617, 4277498444753140558099168795023280972620825169416026723250045321426562657049)
(19647402601481004694815773547525663941638210998005578575193321327533496298606, 32395518797308895454651931388444090699656164921832729695818457661396354457593)
(75643031214128013154890167986828430460024389263735781657148540798563318309715, 4868031619880607625529997978217018900416801328319437855781875609648872391870)
(113893204869681915149618354002190616665919850697932456840786165962996653931500, 76382150950948657548406005865146203044673083755067535921146695572862092940752)
(59008989508660819023883646090481085737943646044355224747897643710280507164669, 114958003869676718813641722332611208423032067881014200969514785462408689244205)
(21431969888121465884515152574314269138509531982139722696361733711076254351232, 28199498534305633961665412720948573442276931903500849597349031958281470192857)
(111069801987996378767132358973890068497815131616643426781123023587081225630634, 107666470820062362453088814277707048926143723858401302829914465046049061834251)
(6035745391531174767302430474805364215210591244030352867078794104250725594458, 87327569118968695062931346087549095451884990452268419325402544722272636023475)
(5474650511467838492930861948597649354218206084527349216123510155063215431709, 75427576960384096751203366189289609405393630077361509482006610530949610623766)
(26913845003360477798758476474987189004873229838238185336581150912111060980986, 28472086314122005833743734419861407261278240677720077873955530839479376317627)
(21947148058416974964299409241294853134588863074666540418557991364755572299156, 89926084973667179850210982586549021896385011509152643857812060768058807170750)
(11426200901354934684055684004403086575935785460410755389018205128253961717445, 58355146206164277985180918505949413660802883447958174510400580040464355343560)
(54017997741870908565976154493376499129105512177284018449969619991904244521378, 2784688859458966923406592850494885981361905384484377708335693004733383337304)
(30207052283075459653555066930068254268762792635193595548258396080078929006274, 85470910729685570341423085232155399159977296625879635805497735363503094252970)
(63193492936895022535453443429065996233885099860903635709903434923432496723318, 91421935592834419458240808507304616875199475525659726266732532665658813240099)
(83958410297910555455675193987864173141594021131740849849634038834178070316083, 98685108568828007262327978686921556595918057257419087311805566324061463530597)
(12628756772255550276466649308187718476794746104712920675103418532854746838927, 2963294469147815208291959045075427665294777206994200304994016009578810349110)
(100690268052072490754521665876719030147213525944549627620287925972942224918304, 28429357104859359341698260609433015613968600521109952639495936664007080886476)
(891402931021741750614689177244866391786149653639059777121225134844428981073, 103413508626102787264920368457141278742635318395522256968435674377278825283596)
(8779951758339617186897641591407637216744376573096281986107725856001372898875, 45396294457905845388591162003419915608364964921050433180109811949018058247134)
(81192238844493948000444790191066457053453502617369983016849374039390463935911, 68027629841319872592216071937408601035513167500221693324360144331162117877408)
(5132257625224286050454192298392584083920933279471283416713941076130971920115, 51804399591163709095346834862560312542418825822449523866591004178258353314861)
(79526795306461585660349485040797289661838334625957890882786982732140076282066, 40924413490524667273639368439784294858268253084904206507885057231434736197473)
(54407154684005432635400640002083435774379259683373905258980532646601556588889, 9399430811769544739948210287374184975534915384415780552552149543340802011398)
(34893093155597722897019843988109787484664177686384515429436279573549132310837, 35060150423737612500485377023963810624487647027957179821655124895447557042330)
(64393370872990384111490342768857747292371271854079654068720709706067004896868, 27114540371847985794026636288912583646818270150810355957385696237237527838017)
(108241519219897706497813210210615553632178192386845667806810715539850804017701, 107938378374659706348913516941149121512885922901550772820173368052020525332473)
(30904415162438285464591827004189563473937084179872413545003437780294275012232, 108166551064710039626210525249572004488094008482878601326886149243814356132333)
(41085934816636925304090154072229702138753284058593592699039673277989522711437, 34488547432051153923279797030701978930757536399124597284937667068692142982560)
(78817878628326663197800141670021311011544107794956717428309374473657747874517, 35258172858934987472320651513926237935850682697374329516764217579632026362237)
(31454032676843765690913895431058569347904139768768480547863081854889136031892, 28389403330162763145092858145246433232288495997366115306500334226150884162156)
(47161977250883793825480141045819402114076441707371193749315393168431680187085, 115119030925087444280226573546288977640846931347165275495738041858735240288780)
(11360678046835250472755231560180105314107647212704858063460076442639922335375, 25150810057749580657484214725971286132682916355119069776712251111816126530284)
(53038863053111061188406390045497493287152472544502002369428701165320229181713, 66041342629370508454542074994365658229172256958181229352307334576482691683015)
(8632122664874796621953128019442062099837815757541666807238013800911876893350, 22501641140131711417963423065056536632180107445777684288207697273361470683273)
(115344464010290729302713831582193370190697080553660538053385895810259030460916, 77503448741335278183206156357396662423025923398172224236009034178181972205479)
(95677652297594211660378922522389069198792909828102345898292332512667184415485, 97369015286505274469621022862509528815401557947017152797209239504606974035121)
(52022678928966731960197629191385848996096766259855903228068390479180873592868, 12272018583799705915423423366852058485197850115859895472451299274837678927146)
